I
1130 Generated by WorldEditor 2.0.0r4

1    153 0 0 WN18 Beckers Landing
1302 city Anacortes
1302 country United States
1302 datum_lat 
1302 datum_lon 
1302 faa_code WN18
1302 iata_code 
1302 icao_code WN18
1302 region_code 
1302 state Washington
1302 transition_alt 
1302 transition_level 
100 15.99 3 0 0.25 0 0 0 17  48.45742466 -122.53900617    0    0 1 0 0 0 35  48.45495708 -122.54000685    0    0 1 0 0 0
110 3 0.00 0.0000 New Taxiway 2
111  48.45322317 -122.54046906
111  48.45321443 -122.54041638
111  48.45326684 -122.54031980
112  48.45336583 -122.54040321  48.45337166 -122.54039882
111  48.45362205 -122.54039004
112  48.45381713 -122.54031980  48.45383460 -122.54031980
111  48.45395980 -122.54023639
111  48.45439071 -122.54009151
111  48.45493892 -122.53990182
111  48.45497403 -122.53988785
111  48.45503397 -122.54009025
111  48.45497583 -122.54011173
111  48.45485365 -122.54015297
111  48.45465858 -122.54021882
111  48.45435286 -122.54035053
111  48.45399183 -122.54049979
111  48.45365408 -122.54067099
111  48.45317367 -122.54089488
114  48.45318240 -122.54051296  48.45318240 -122.54050857
130 Airport Boundary 1
111  48.45307140 -122.54190128
111  48.45305153 -122.53899346
111  48.45773665 -122.53669643
111  48.45926486 -122.53693758
113  48.45908544 -122.54110491
1300  48.45644917 -122.53871507 270.77 tie_down jets|turboprops|props Ramp B
1301 B general_aviation 
1300  48.45790455 -122.53926643 120.26 tie_down jets|turboprops|props Ramp A
1301 B general_aviation 
19  48.45748417 -122.53924614 1 WS
19  48.45499329 -122.53973472 1 WS
1200 
1201  48.45788673 -122.53920767 both 0 A_stop
1201  48.45786739 -122.53909507 both 1 A_stop
1201  48.45780429 -122.53896269 both 2 A_stop
1201  48.45768283 -122.53891533 both 3 A_stop
1201  48.45645212 -122.53886548 both 4 A_stop
1201  48.45644264 -122.53913699 both 5 A_stop
1201  48.45497404 -122.53999983 both 6 A_stop
1201  48.45741565 -122.53900594 both 7 A_start
1201  48.45739973 -122.53901081 both 8 A_start
1201  48.45647581 -122.53938707 both 9 A_start
1202 1 0 twoway taxiway_C A
1202 2 1 twoway taxiway_C A
1204 departure 17,35
1204 arrival 17,35
1202 3 2 twoway taxiway_C A
1204 departure 17,35
1204 arrival 17,35
1202 8 3 twoway taxiway_C A
1204 departure 17,35
1204 arrival 17,35
1202 5 4 twoway taxiway_C A
1202 9 5 twoway taxiway_C A
1204 departure 17,35
1204 arrival 17,35
1202 7 8 twoway runway 17/35
1204 departure 17,35
1204 arrival 17,35
1204 ils 17,35
1202 8 9 twoway runway 17/35
1204 departure 17,35
1204 arrival 17,35
1204 ils 17,35
1202 9 6 twoway runway 17/35
1204 departure 17,35
1204 arrival 17,35
1204 ils 17,35
99
