I
1100 Generated by WorldEditor 1.6.0r1

16      0 0 0 W33 Friday Harbor (DUP|KFHR)
101 30.82 0 15  48.53938982 -123.01133667 33  48.53717470 -123.00945326
102 H1  48.53905292 -123.00632367 120.24 50.00 50.00 2 0 0 0.00 1
110 1 0.00 0.0000 New Taxiway 3
111  48.53951571 -123.00632505
112  48.53955567 -123.00627575  48.53957675 -123.00625106
112  48.53961829 -123.00620410  48.53968836 -123.00612429
111  48.53970805 -123.00612144
111  48.53974823 -123.00618835
112  48.53968708 -123.00628697  48.53967259 -123.00631415
112  48.53963544 -123.00639891  48.53960227 -123.00647297
113  48.53960508 -123.00644985
110 2 0.00 0.0000 New Taxiway 2
112  48.53864433 -123.00652489  48.53855307 -123.00626804
112  48.53865746 -123.00597363  48.53866161 -123.00590472
112  48.53885453 -123.00570541  48.53890431 -123.00561770
112  48.53935852 -123.00578798  48.53942074 -123.00578171
112  48.53964229 -123.00645912  48.53965058 -123.00646538
112  48.53955359 -123.00661130  48.53955359 -123.00661756
111  48.53926653 -123.00677548
113  48.53893884 -123.00683186
99
