I
1000 Generated by WorldEditor 1.6.0r1

1    145 0 0 13W Camano Island Airfield
1302 city Stanwood
1302 country United States
1302 datum_lat 
1302 datum_lon 
1302 faa_code 13W
1302 iata_code 
1302 icao_code 
1302 region_code 
1302 state Washington
1302 transition_alt 
1302 transition_level 
100 7.32 1 0 0.25 0 0 0 18  48.25923653 -122.43623076    0    0 2 0 0 0 36  48.25465250 -122.43620839    0    0 2 0 0 0
110 5 0.00 0.0000 New Taxiway 1
111  48.25480983 -122.43834055
112  48.25481152 -122.43816474  48.25481322 -122.43816220
111  48.25489804 -122.43815710
111  48.25490652 -122.43791760
111  48.25488108 -122.43638886
112  48.25486411 -122.43630223  48.25484911 -122.43626946
112  48.25483697 -122.43625382  48.25483697 -122.43625127
111  48.25501679 -122.43625382
112  48.25498795 -122.43627166  48.25496750 -122.43629009
111  48.25495808 -122.43631699
112  48.25493969 -122.43636830  48.25492537 -122.43641130
111  48.25496900 -122.43789459
113  48.25498364 -122.43834105
110 4 0.00 0.0000 New Taxiway 7
112  48.25908536 -122.43837143  48.25908780 -122.43836776
111  48.25896565 -122.43837510
112  48.25880931 -122.43838611  48.25879295 -122.43839963
112  48.25879054 -122.43846806  48.25878481 -122.43851967
112  48.25878403 -122.43869317  48.25878648 -122.43874969
111  48.25881175 -122.43879340
111  48.25867331 -122.43879454
112  48.25873111 -122.43872854  48.25874339 -122.43870277
112  48.25876045 -122.43857691  48.25876372 -122.43853513
111  48.25875557 -122.43825402
112  48.25874824 -122.43784673  48.25874169 -122.43778283
112  48.25870426 -122.43763392  48.25869445 -122.43762040
112  48.25864075 -122.43760823  48.25861212 -122.43761315
112  48.25860168 -122.43766073  48.25858940 -122.43768285
112  48.25858293 -122.43775248  48.25857884 -122.43778688
111  48.25860331 -122.43801185
112  48.25860408 -122.43819775  48.25860245 -122.43824076
112  48.25856258 -122.43833107  48.25853885 -122.43836056
112  48.25841112 -122.43836409  48.25839067 -122.43838129
111  48.25835781 -122.43843479
112  48.25815661 -122.43842936  48.25815170 -122.43840355
112  48.25817170 -122.43838858  48.25817923 -122.43837809
111  48.25817170 -122.43838858
112  48.25817170 -122.43838858  48.25818686 -122.43837309
112  48.25826387 -122.43836862  48.25828693 -122.43835317
111  48.25826387 -122.43836862
112  48.25826387 -122.43836862  48.25827873 -122.43835044
112  48.25828570 -122.43829439  48.25829127 -122.43828718
111  48.25828570 -122.43829439
112  48.25828570 -122.43829439  48.25830125 -122.43828825
112  48.25850639 -122.43827603  48.25852524 -122.43826718
112  48.25856502 -122.43820632  48.25856502 -122.43817977
111  48.25856258 -122.43787242
112  48.25855769 -122.43765593  48.25856712 -122.43762231
112  48.25860563 -122.43757685  48.25860917 -122.43755384
112  48.25857968 -122.43749815  48.25856907 -122.43748145
112  48.25856014 -122.43731102  48.25855542 -122.43724857
111  48.25856014 -122.43731102
112  48.25856014 -122.43731102  48.25855542 -122.43725742
112  48.25855036 -122.43712022  48.25855036 -122.43711656
111  48.25857968 -122.43712022
112  48.25859189 -122.43738441  48.25859778 -122.43743572
112  48.25865498 -122.43755658  48.25867501 -122.43757251
112  48.25873348 -122.43760060  48.25876647 -122.43763068
112  48.25877921 -122.43776968  48.25878982 -122.43784399
112  48.25878977 -122.43826106  48.25879683 -122.43829114
112  48.25885167 -122.43831389  48.25890139 -122.43831956
112  48.25900083 -122.43829804  48.25902742 -122.43829044
111  48.25900083 -122.43829804
112  48.25900083 -122.43829804  48.25903052 -122.43828955
113  48.25907822 -122.43826106
110 3 0.00 0.0000 New Taxiway 2
111  48.25491247 -122.43820882
111  48.25458879 -122.43821799
111  48.25458065 -122.43794282
114  48.25491654 -122.43792753  48.25491654 -122.43792448
110 1 0.00 0.0000 New Taxiway 9
111  48.25773994 -122.43863580
111  48.25776228 -122.43873649
111  48.25784050 -122.43880362
111  48.25757233 -122.43879523
111  48.25761144 -122.43873649
111  48.25764496 -122.43863580
111  48.25637676 -122.43866936
111  48.25639911 -122.43872809
111  48.25648291 -122.43879522
111  48.25610860 -122.43876165
111  48.25593541 -122.43864418
111  48.25595775 -122.43821625
111  48.25623151 -122.43815751
111  48.25626503 -122.43782187
111  48.25799693 -122.43790578
113  48.25801369 -122.43863580
130 Airport Boundary 1
111  48.25416482 -122.43805299
111  48.25413832 -122.43614230
111  48.25986360 -122.43586366
113  48.25989010 -122.43781416
1300  48.25856846 -122.43719140  90.00 tie_down jets|turboprops|props|helos Ramp 3
1300  48.25463245 -122.43814932  90.95 tie_down jets|turboprops|props|helos Ramp 2
1300  48.25532062 -122.43695192 182.79 tie_down jets|turboprops|props|helos Ramp 1
19  48.25950800 -122.43661234 1 WS
19  48.25514777 -122.43651216 1 WS
1200 
1201  48.25478617 -122.43814344 both 0 A_stop
1201  48.25492294 -122.43798367 both 1 A_stop
1201  48.25494826 -122.43777065 both 2 A_stop
1201  48.25492702 -122.43670477 both 3 A_stop
1201  48.25533635 -122.43653453 both 4 A_stop
1201  48.25857419 -122.43656569 both 5 A_stop
1201  48.25923321 -122.43623175 both 6 RW_stop
1201  48.25465245 -122.43621004 both 7 RW_start
1201  48.25491689 -122.43621786 both 8 unnamed entity(split)
1201  48.25532169 -122.43621313 both 9 unnamed entity(split)
1201  48.25856012 -122.43623282 both 10 unnamed entity(split)
1201  48.25856846 -122.43719140 both 11 Ramp 3
1201  48.25463245 -122.43814932 both 12 Ramp 2
1201  48.25532062 -122.43695192 both 13 Ramp 1
1202 5 11 twoway taxiway A
1202 4 13 twoway taxiway B
1202 0 12 twoway taxiway C
1202 1 0 twoway taxiway C
1202 2 1 twoway taxiway C
1202 3 2 twoway taxiway C
1202 8 3 twoway taxiway C
1204 departure 18,36
1204 arrival 18,36
1202 9 4 twoway taxiway B
1204 departure 18,36
1204 arrival 18,36
1202 10 5 twoway taxiway A
1204 departure 18,36
1204 arrival 18,36
1202 7 8 twoway runway 18/36
1204 departure 18,36
1204 arrival 18,36
1204 ils 18,36
1202 8 9 twoway runway 18/36
1204 departure 18,36
1204 arrival 18,36
1204 ils 18,36
1202 9 10 twoway runway 18/36
1204 departure 18,36
1204 arrival 18,36
1204 ils 18,36
1202 10 6 twoway runway 18/36
1204 departure 18,36
1204 arrival 18,36
1204 ils 18,36
99
