I
1100 Generated by WorldEditor 1.7.1r2

1      7 0 0 WA93 Eliza Island
100 30.48 3 0 0.25 0 0 0 14  48.65442098 -122.58719230    0    0 1 0 0 0 32  48.65066222 -122.58465908    0    0 1 0 0 0
110 5 0.00 0.0000 New Taxiway 4
112  48.65511284 -122.58614476  48.65509606 -122.58617551
112  48.65499894 -122.58622753  48.65498481 -122.58624223
112  48.65487136 -122.58636547  48.65485002 -122.58638440
112  48.65465722 -122.58653789  48.65461454 -122.58657354
112  48.65450231 -122.58665514  48.65448391 -122.58668188
112  48.65446130 -122.58678618  48.65447528 -122.58683297
111  48.65451597 -122.58686205
112  48.65462077 -122.58695171  48.65465991 -122.58699070
112  48.65471189 -122.58708965  48.65472146 -122.58716986
112  48.65469822 -122.58730346  48.65468130 -122.58734468
112  48.65460710 -122.58737933  48.65459385 -122.58738378
112  48.65442029 -122.58742761  48.65437614 -122.58743318
112  48.65418793 -122.58740002  48.65415173 -122.58738421
111  48.65388266 -122.58725518
111  48.65391911 -122.58720001
112  48.65403757 -122.58728277  48.65405996 -122.58729489
112  48.65414692 -122.58733105  48.65416070 -122.58733642
112  48.65432006 -122.58737243  48.65436803 -122.58737355
111  48.65442941 -122.58735864
112  48.65458432 -122.58731036  48.65462080 -122.58729142
112  48.65466177 -122.58726208  48.65467355 -122.58724203
112  48.65467544 -122.58709655  48.65465778 -122.58706425
111  48.65457521 -122.58698620
112  48.65446586 -122.58689654  48.65444304 -122.58686068
112  48.65441574 -122.58676549  48.65441868 -122.58671091
112  48.65446130 -122.58662066  48.65447896 -122.58659726
114  48.65513562 -122.58603441  48.65515254 -122.58606606
110 3 0.00 0.0000 New Taxiway 2
111  48.65328081 -122.58477256
112  48.65318057 -122.58477945  48.65312685 -122.58479897
111  48.65310057 -122.58501469
111  48.65293453 -122.58547603
111  48.65276245 -122.58607743
111  48.65269385 -122.58603052
111  48.65276431 -122.58572623
111  48.65295732 -122.58517257
111  48.65308077 -122.58474222
112  48.65305755 -122.58461393  48.65305325 -122.58453587
112  48.65310311 -122.58438634  48.65311601 -122.58433845
112  48.65324891 -122.58413116  48.65329833 -122.58410474
111  48.65357241 -122.58428288
114  48.65341913 -122.58478102  48.65335682 -122.58481680
110 5 0.00 0.0000 New Taxiway 5
111  48.65273867 -122.58583826
112  48.65267824 -122.58579114  48.65267824 -122.58578837
111  48.65230288 -122.58554447
111  48.65171694 -122.58517584
111  48.65166933 -122.58535876
111  48.65158511 -122.58530887
111  48.65162905 -122.58510655
111  48.65122510 -122.58484918
111  48.65117954 -122.58498711
111  48.65095173 -122.58484343
111  48.65107702 -122.58471125
111  48.65112006 -122.58465522
111  48.65140570 -122.58485811
111  48.65149799 -122.58492795
111  48.65168529 -122.58506044
111  48.65176220 -122.58509703
111  48.65228515 -122.58543961
113  48.65275843 -122.58576105
110 5 0.00 0.0000 New Taxiway 1
111  48.65340560 -122.58421054
111  48.65344008 -122.58394955
112  48.65352629 -122.58348847  48.65357785 -122.58325430
112  48.65370445 -122.58296650  48.65370445 -122.58295780
112  48.65389410 -122.58273161  48.65400512 -122.58272077
112  48.65416422 -122.58295780  48.65424479 -122.58296322
112  48.65435962 -122.58291430  48.65438827 -122.58302814
112  48.65430790 -122.58358417  48.65426313 -122.58368716
112  48.65416422 -122.58369727  48.65410871 -122.58372166
112  48.65387112 -122.58362767  48.65380128 -122.58365207
111  48.65370445 -122.58385386
113  48.65357227 -122.58428883
130 Airport Boundary 1
111  48.65472512 -122.58761456
111  48.65365233 -122.58791348
111  48.65028268 -122.58553304
111  48.64998800 -122.58464582
111  48.65199678 -122.58298620
111  48.65452433 -122.58249690
113  48.65533087 -122.58632352
1300  48.65326747 -122.58426835 241.50 tie_down jets|turboprops|props Grass 1
1301 B general_aviation 
1300  48.65419674 -122.58333018 168.69 tie_down jets|turboprops|props Gravel 2
1301 B general_aviation 
19  48.65082061 -122.58537381 1 WS
19  48.65477278 -122.58673510 1 WS
99
