I
1100 Generated by WorldEditor 1.6.0r1

16      0 0 0 W33 Friday Harbor (DUP|KFHR)
101 30.82 0 15  48.53938982 -123.01133667 33  48.53717471 -123.00945326
102 H1  48.53909051 -123.00566135 120.25 50.00 50.00 2 0 0 0.00 1
110 2 0.00 0.0000 New Taxiway 2
112  48.53868192 -123.00586257  48.53859066 -123.00560572
112  48.53859481 -123.00484770  48.53859896 -123.00477878
112  48.53878562 -123.00440917  48.53883539 -123.00432146
112  48.53928752 -123.00432773  48.53934974 -123.00432146
112  48.53947418 -123.00487902  48.53948248 -123.00488528
112  48.53946588 -123.00568090  48.53946588 -123.00568716
111  48.53930411 -123.00611316
113  48.53897642 -123.00616954
99
