I
1100 Generated by WorldEditor 1.6.0r1

16      0 0 0 WA83 [S] Westsound Wsx
1302 city Westsound
1302 country United States
1302 datum_lat 
1302 datum_lon 
1302 faa_code WA83
1302 iata_code WSX
1302 icao_code WA83
1302 region_code 
1302 state Washington
1302 transition_alt 
1302 transition_level 
101 152.40 1 7  48.60832862 -122.98094982 25  48.61295648 -122.95724906
101 152.41 1 17  48.61909842 -122.96175032 35  48.60595778 -122.95724967
102 H1  48.61687422 -122.95228388   0.00 50.00 50.00 2 0 2 0.00 1
110 4 0.00 0.0000 New Taxiway 2
111  48.61710194 -122.95261557
111  48.61665693 -122.95262273
111  48.61650071 -122.95246519
111  48.61627821 -122.95230765
111  48.61627347 -122.95163452
111  48.61660486 -122.95162020
112  48.61699779 -122.95167033  48.61700252 -122.95167033
113  48.61710194 -122.95194960
99
